10024
11111
11201
10024
43230
34242
77065
27292
02151
94305
53209
75042
98072
77074
20121
20122
20121
32209
20723
85050
38120
97520
11789
29341
11373
61080
35801
35801
73012
07840
77088
96337
10024
77328
11234
19473
21532
33325
33324
94551
55129
77045
90210
60646
93534
43076
92562
77531
10940
07071
06039
77045
60068
02889
83706
68114
33178
97701
77045
76065
32771
94506
94506
08901
78744
91801
11749
42069
95825
49053
48603
49053
37801
11024
75087
92882
63010
18424
94015
94015
94015
21502
08773
97392
97392
07724
20110
60098
10456
98103
39042
93291
94606
60440
94536
91344
10003
96797
99515
96818
07055
95620
43215
58201
58201
06488
08876
37035
15232
15206
92592
01747
02472
90631
07849
32124
23606
20121
20121
63263
38120
07940
10805
07086
19103
67207
11361
06417
90005
92831
98223
20121
15642
11365
11365
77026
91751
91741
18450
30188
19465
33445
46304
78539
49307
90405
94044
32766
60064
90037
79015
11003
19713
97914
10011
74074
01745
98001
95060
62281
01702
52577
75052
88045
77515
13637
95993
01702
23455
06040
06897
85349
43210
91010
06898
19610
22204
40504
90280
40504
87120
80221
07060
01770
78666
12302
48105
45239
60672
33033
37042
77045
92267
32548
75067
07750
07740
85014
18944
91205
63141
75022
90033
60447
75080
90004
80001
20906
79932
91340
78666
21029
92223
70816
91344
95047
95824
24672
13905
13790
10024
22152
11105
66708
33436
28227
46074
21218
75248
91706
91706
28726
36332
32757
10001
93703
52241
33071
06355
00039
17970
53215
55116
07407
56777
02458
46226
34242
48066
92835
93703
30606
07008
07008
27292
53704
01007
27882
97478
49423
60714
19103
32164
08857
88203
60564
50441
11746
90024
80207
00000
53597
07302
80514
78245
73096
78249
73128
10301
94061
61008
45236
20121
92129
95076
20121
28601
28605
85142
58421
94709
93906
77067
80246
26726
98042
11228
45660
02215
50317
31206
96706
90059
45216
01604
10512
21035
15206
30273
11435
11596
27858
27858
77338
30022
34208
32075
72521
90011
19087
53215
33913
47203
94024
28078
19801
90680
85297
77026
60102
79416
78666
77001
91605
33130
85249
42404
42223
91340
77429
02115
32765
92128
02822
70124
04010
95903
84044
91201
11572
08110
76504
07452
07452
28112
92879
77450
91320
28115
77026
94062
06901
11206
02169
75041
93725
10956
06488
02481
46530
33157
34761
57677
94089
95747
57108
79401
08086
75901
95060
74467
44107
19320
33136
00983
11111
96786
85364
91331
60062
16648
64119
02908
03574
23322
10451
33991
15206
75002
52732
77026
10701
08094
94086
34116
34772
85745
60148
98104
11208
90630
15801
33125
78223
89115
92395
67476
92691
92705
98501
60618
94061
94061
18360
76690
07751
63141
17257
91913
94531
94061
94061
94061
94061
33015
21144
99504
10000
60119
90045
10456
77026
92563
89115
02115
00921
37311
20878
20878
49316
48603
30281
91932
78744
93313
94061
76108
38120
78521
61048
53913
15108
89115
89115
77026
77026
77026
76111
77026
11717
08886
77026
29485
77026
77067
77026
02882
90262
78741
93560
98122
12901
93003
07920
27616
80220
02115
07605
90201
32256
92692
59330
77053
90033
02493
13637
93277
45834
08010
85023
13501
11214
60123
22801
95117
33566
77407
60067
08854
06053
95726
43230
53151
32789
62240
80908
94550
39773
77535
19446
89446
19446
20165
98032
77583
15235
91942
43123
33165
92027
44201
33334
29927
57006
57006
92708
07885
60184
98407
84041
98092
48823
23229
93646
93646
55427
07305
10001
45403
53066
95050
08753
96819
64330
20147
34982
78374
90005
79029
72936
46526
54166
43537
05452
79705
48329
06401
10901
07927
30060
94061
32084
02067
20782
20164
27528
22181
90280
34974
44130
02375
97266
78521
33563
44067
66210
78240
30605
35971
90022
96315
50441
76262
06488
46970
10458
21104
53121
58203
10454
24354
24354
33511
30097
45162
37013
14513
96755
33467
92801
07002
11577
99762
10306
79707
02149
78703
11776
23060
95831
89130
04092
08816
15744
17017
89029
19111
07066
07067
18092
60625
48044
24500
75154
11373
89801
10606
75211
45692
95050
78363
21029
77502
33461
33461
11201
98374
01824
27607
51503
90003
20057
14534
11972
70094
55129
33540
60502
11373
91306
83402
21128
49090
49090
30052
95620
11803
77581
07704
33556
95422
97086
20148
84518
95116
27012
60632
01902
34711
54636
48098
94124
11703
46312
07667
14094
11801
97206
37043
11209
36532
36532
94720
32571
60085
89115
75024
43212
75060
90004
95828
92626
30214
85302
08005
20111
10439
94110
11377
00000
48197
05478
13214
90037
45309
48307
13021
60618
65472
92801
01940
92027
94303
40503
06478
07424
60120
06489
24088
07034
84043
07206
10010
32461
28211
60506
92692
77065
33647
70471
98277
10001
86323
76262
46923
85019
94086
45344
94061
53222
02324
18109
07018
91710
19380
44509
28805
43551
95240
85713
29501
88210
60190
91342
48150
02150
90660
77024
90210
33154
66049
08889
02027
02026
98407
42127
93257
77627
42127
48306
78132
92882
12302
06470
64093
23451
98006
32757
92027
02364
92683
95116
97123
08830
30004
43026
78572
95121
98422
97367
43215
60510
53404
16395
85028
98801
49307
77354
91710
75072
33174
94720
94544
92020
33056
11510
27006
36301
07006
12595
07748
30721
45840
22152
01841
08831
78738
60422
48430
92801
43230
06488
06180
22312
93767
29728
33458
20706
92020
75409
68105
76111
80919
92703
79912
60411
92703
44313
60634
07940
01902
78589
78625
94301
60061
92882
78666
63028
23322
78245
79706
37130
53548
49519
22222
92544
90603
06902
92345
84116
92596
90602
84124
90301
92240
93004
05735
92694
43081
25161
97062
96797
92227
98275
86326
85297
84119
02128
33614
90703
02667
27302
45211
10512
10000
08618
38351
29203
85040
75035
18510
92115
77551
28209
75409
06443
85374
30297
85374
85374
85028
30040
85028
06105
44028
93033
04010
07105
45011
32257
43228
11345
85374
08003
29730
27949
40601
78758
91208
21220
92220
06029
54915
62618
07442
78154
92626
11553
22311
77406
50315
93610
18436
19958
19958
85374
85374
85374
07022
75232
91401
19087
77316
12572
23602
78628
91355
33913
19390
77316
11232
77316
84119
08831
78660
77095
61081
27607
63125
37861
33314
33431
85050
44024
85048
12308
78674
12123
55318
30117
27504
80514
33805
77089
39307
53190
60623
80026
94550
10011
06473
45255
06473
45601
94945
77023
78501
35242
44070
55050
75495
07002
90210
06488
92677
14075
77493
55428
02703
52807
08734
15897
92843
92069
29536
78666
77441
88220
85307
92336
95060
31525
93036
20105
11234
84942
92867
91803
92562
89129
49444
74426
74426
53215
60914
77045
53182
27519
63026
12345
90255
90255
10115
75074
98226
02038
62549
44114
44001
60165
44109
10514
20176
30542
80538
28546
44903
48084
11742
94583
94063
94063
72450
02184
32821
12054
46038
32137
44136
28036
78363
56377
98374
06810
92582
07874
55421
32211
18018
90405
85301
54311
44313
44017
92024
44313
92024
90003
90003
95380
95404
62120
17403
95648
78705
85344
99577
20783
94044
32811
78717
55057
55057
90003
48142
48141
90357
97123
10548
90007
52035
34104
28081
30044
77546
10468
63141
07005
37042
49548
66207
63857
10024
92027
43235
94041
98261
79416
17110
78734
92078
94941
92078
98584
95127
92780
30022
85023
44460
92115
30052
91206
50461
42104
91706
75002
10001
02807
11229
35226
76017
46227
91762
45005
60061
32117
22003
76010
92405
12208
30152
60056
37203
33334
23323
37203
11230
29323
92679
37040
20887
34669
47906
27048
75230
27048
89148
11378
34771
95677
32725
66102
33126
73344
27613
60632
06514
46359
54751
85042
27713
11691
51106
10801
19975
95831
64123
43230
96853
95819
19070
48170
63368
91331
07083
77074
35748
38105
45895
29316
93727
93203
19070
90033
60644
35226
38654
38654
95747
59102
84103
15642
30101
77026
98023
28578
70506
49117
44077
42134
45030
70506
60515
07649
91344
78754
19067
91760
27870
27870
60181
11520
89074
90250
90250
75116
07751
35133
78415
78415
94019
78589
91340
92027
78572
92881
37043
63368
05495
02563
44077
92503
11786
80204
93313
02718
55044
22309
16803
32811
90048
92115
66221
80004
43340
32780
77075
92345
57350
92109
60007
03087
45103
11746
07940
77845
12065
12302
23236
01905
80122
93720
93720
41042
75135
60015
53703
10926
78258
80224
51351
06063
78574
27523
75070
85713
10024
60706
45424
45710
13323
29526
80015
77503
94112
12205
71203
54311
92260
32097
11779
21045
28110
11955
37013
32641
89108
98188
78616
54311
55411
71602
55411
91911
34786
72223
11111
11111
60056
95341
27268
76106
93657
72223
52241
14094
72223
10566
77006
93550
22222
44077
40509
19096
40353
65632
50501
95051
45030
48446
46307
77581
19960
44203
23011
44203
77045
01110
97211
76028
77023
49080
90008
19702
93654
76017
79938
46112
27591
32259
06812
49070
92021
92021
30188
32714
32427
77386
75007
17025
48390
95212
76080
93960
98460
07410
91307
77657
97062
95020
91010
98908
98905
98901
95661
91331
85035
78750
19720
40502
51854
14075
10023
52246
94565
11221
61801
53597
28461
08022
97527
14127
11365
95206
92113
28681
38930
28110
28104
28110
21029
28104
68107
30303
11550
38821
32607
40207
97702
01267
92122
60453
76006
85296
78526
95823
90505
67844
93637
94704
19380
92376
08904
32207
07621
78250
60074
90621
53215
11746
11746
78249
90222
27405
27407
96720
21042
33781
33781
28270
22066
64507
77338
17048
39766
21409
44313
43004
95383
11207
71909
63385
50469
44313
77355
02492
63108
79936
63376
85248
60123
80922
02151
94552
77094
46176
60610
83301
30052
37311
19149
11379
90210
99999
43035
60433
22222
76119
78249
85122
03055
64402
92530
60047
83712
92530
33128
46970
93312
70448
46323
43017
10001
29485
26330
10520
76226
85259
32801
60139
99284
30188
46375
22192
48126
78577
30188
30062
57103
92145
91320
18042
06798
35901
31216
55318
10924
84043
60515
11237
95350
70433
33467
10606
91307
28139
93545
11710
91501
19403
97305
95826
27519
22308
77339
46375
22150
78368
27519
78526
07083
27519
48301
98516
27519
77380
98596
30009
30328
21204
77033
22310
93033
07752
12308
80526
02557
83686
07083
11204
08701
02138
74572
22556
56101
95765
67108
37745
46375
56101
22191
60641
49837
67108
54612
67108
27519
90640
52440
34666
45424
60030
92128
44039
50323
92656
11229
77459
78717
94086
60073
87940
94607
53045
53051
53051
58504
08505
95358
57897
07930
95121
93291
75028
08550
10040
45040
94901
32073
93033
33570
07501
91214
91105
94025
39641
92337
90815
11231
92627
60543
97060
08861
29492
11222
06897
32080
93539
91105
33029
25613
83012
92604
92604
92730
98372
19139
15239
15213
12355
92374
90245
95111
18510
03874
46725
28013
92019
02646
36272
60193
92122
97229
92394
75234
90272
40219
55378
32953
07950
27502
11757
11757
90301
08816
37642
98108
37643
98053
45371
60555
76165
23113
07205
48098
01702
77095
75442
85298
53713
20841
60457
02474
92324
11385
37885
40001
84601
78705
98370
20142
11731
76034
79605
94040
49341
32821
77079
80120
83706
58203
10463
38108
90006
04103
78574
77388
18371
70471
60804
19968
91701
61008
03051
32176
92507
19104
53276
94608
92128
98103
02356
01940
11379
23343
28206
06807
77964
06807
44212
28638
90028
33414
27012
43016
27012
02459
44857
98371
44709
27519
12110
92236
98275
11776
90403
29588
97128
20164
10005
92335
11787
94531
91100
11050
07663
24641
45030
91604
85282
28451
61350
10003
54601
61350
88220
77076
45342
77065
11949
34289
10314
22655
11763
50579
11763
85750
77023
10012
16510
10708
14519
20147
19064
57456
19064
45679
39597
06001
92320
60642
92021
95120
03051
91732
55376
37027
91786
33317
46077
27519
67108
35805
79331
19363
19070
90280
06987
24551
11787
37814
17566
52544
76244
92284
13066
17303
48182
63105
98065
60137
22031
85209
91789
78717
90004
92234
01609
93907
93306
75088
77388
63119
43023
11373
10024
07034
91701
97520
22556
24112
50320
48089
78501
78501
10463
14586
80620
11373
90210
32738
02468
95355
90061
93654
11193
87401
77591
37027
95521
95521
29715
30024
66062
64152
73012
06807
63701
56004
77034
19111
46033
61381
23860
50023
17402
29201
78666
94087
77498
45840
76115
11572
08535
48084
64155
34286
30224
78705
06878
94024
10001
20171
68245
92553
91767
77479
61759
60022
76180
06473
60558
98683
98930
98902
98908
95356
10012
06473
91201
93550
10314
48302
60203
94127
32724
90249
19446
55123
10012
55123
32224
20001
10541
79929
63143
75703
11742
06512
02026
69921
20003
55792
92603
75442
71203
71203
20874
76056
85255
36830
95747
90032
72712
93405
75230
34981
72956
83651
66210
76003
33138
77627
78521
34114
33386
31030
83301
91403
37013
30067
54751
78664
02186
60608
36803
45167
06604
07675
06611
77049
33305
83716
06611
07643
11797
10001
37179
33305
07305
30252
22150
32808
80015
33966
49341
49507
92270
77539
85044
98258
68372
07013
49455
72023
28078
11214
98258
10520
07305
10520
10312
24263
44224
85719
31078
11779
07452
94535
94608
06117
98116
20814
49315
48083
45891
91709
07087
21042
08831
27000
37235
41102
97219
98203
98203
46226
28906
85254
83646
91101
30785
76462
93940
29579
16273
92024
21230
92173
06051
77084
06854
08061
77302
11346
07506
07712
30097
30304
11417
10537
22041
83687
83687
04443
19102
91040
20175
84096
48108
48108
74063
27597
92308
90660
94305
22600
30327
92115
11373
49505
93313
90025
94203
01609
10522
87107
11368
18055
85382
95215
23666
91335
95120
07747
34664
92583
49419
02818
59715
13131
50703
33126
80631
99206
10977
10555
30332
11779
64836
07086
75088
90001
40117
28443
35243
13057
07436
85044
76530
11368
85208
76108
76246
80302
34787
13516
60002
06370
19333
10605
10069
08733
78705
08854
21740
97426
08090
38122
38122
19390
11116
19034
48864
77386
77386
77386
89110
33326
58253
08840
98606
60002
60031
60201
00973
08002
21029
32043
07011
32507
60035
95350
77515
78109
78109
87940
21046
33626
00976
49008
01606
32040
90023
10024
27217
06489
77402
84341
76179
47906
20783
32836
95602
98072
64050
00000
16248
79132
60618
02043
67217
68111
30240
11414
98370
14626
67203
27348
07013
77015
08801
64012
10461
16858
11783
01810
94122
77803
76574
20613
65803
94044
66605
29054
53337
34746
04605
11204
02818
07755
90631
17501
30236
33024
01000
94517
94517
94517
29349
94517
90210
00890
94517
94517
08835
94517
85045
11001
11001
11001
43026
83638
10804
06896
90250
93420
90814
75041
20783
33154
84332
33183
07013
75054
91790
68046
14052
24060
24060
77396
92880
94536
30047
77504
49519
91326
86426
40513
07047
23236
91731
92604
65151
90027
08070
92056
31601
92543
91501
92543
90017
40220
61358
90026
85083
77802
91321
98198
84121
93110
32217
85248
85248
87533
44141
27519
47923
44116
33647
11230
08057
50003
77039
77584
33193
10000
00000
08809
20171
71304
20171
38863
60067
85747
06807
73001
06237
73001
02917
11219
31311
14526
79707
39051
92694
30044
12563
10000
78704
48843
48855
39110
39110
76548
48603
85205
85326
92704
64076
46143
34655
43004
33033
64331
60607
78155
18411
80302
80302
43230
98052
00000
01545
75033
92215
60543
36117
11374
06078
35124
49601
90804
49240
01810
15206
14195
85248
27489
21742
60527
46168
24986
80302
37887
07452
92111
92112
81123
20186
27834
40701
85388
02145
26836
92629
94530
47714
44212
20148
92606
33935
39701
90026
36858
82070
18017
60169
11368
89160
89140
22974
00646
90703
37203
10011
94538
49506
14616
49028
33765
17050
55369
85281
40291
40291
91762
18064
43545
92243
85012
90017
58503
33323
01610
18632
30188
93960
95301
95301
90248
03055
03055
24050
07029
10023
06777
86333
11501
44706
06488
30052
90020
78666
46254
28138
22844
48464
30024
46517
33334
11530
08820
60561
48464
32615
73012
85713
96706
77833
91912
22101
33334
17815
94903
28147
85713
08610
91912
60643
77833
92701
85713
77340
28138
46085
11801
19966
76821
78306
78254
07003
92683
22485
07627
12308
92086
90004
48309
79416
21144
59715
29325
01520
19094
28212
06825
66502
28227
78214
19352
12345
89178
34756
90028
99353
90280
60542
90745
94403
90745
92705
78602
53140
66260
49284
79930
75149
80030
78410
36081
80204
49009
20144
75244
58701
92571
78701
94901
92026
92092
91733
98944
95403
94305
12345
92057
50250
43148
43209
94112
92649
54271
85142
30096
28110
98502
11630
44121
27517
50125
32955
85122
11725
91604
92553
46032
91105
60067
14202
61820
19046
19085
83637
93230
60625
02705
78737
78738
80116
07481
80013
37501
00662
75071
08562
94118
60714
08501
91387
93449
77396
15090
98103
36801
92058
86321
48081
53092
07042
16552
45714
45714
15301
99362
33755
33604
54130
60540
53215
32765
14472
90210
05855
10514
77034
91748
94115
92346
92346
12866
92617
03055
95661
78245
77084
85706
18045
91784
06877
30106
92374
55129
60660
11717
60098
33467
02026
80546
92647
90077
06807
75007
87114
14653
06807
06806
78722
78504
55428
06807
84119
06807
21060
33556
72758
11419
06807
48084
18330
13066
84044
06605
62201
31957
60540
33711
33511
40509
90706
20723
32765
96701
48317
60346
32909
08833
20032
96701
90210
01860
41076
90210
91362
20191
75069
06807
90602
75159
90802
33825
91362
11040
50006
92562
10501
22060
07087
40026
01851
85207
11001
31763
31954
78840
92629
93711
85365
53154
75093
90066
78250
92025
94608
93291
63186
92234
85301
32937
48062
94568
94568
21236
94022
60607
85027
95682
33174
11580
95135
66062
41606
41606
92223
11364
85138
43302
11300
78640
13809
91722
91733
23692
27109
10222
90019
47406
06810
13066
06807
07078
21632
11967
92126
91706
02702
34761
11209
10012
20164
10012
10012
28173
60647
66801
54624
95380
64505
29605
01876
37069
44035
39466
60115
91362
13440
33487
80303
47401
94087
00000
00000
90007
78705
35142
07641
78245
83686
72223
56560
95035
92132
33563
90210
37920
90210
38694
00000
47773
53089
00135
45249
29708
06410
78660
19070
28078
98020
48187
27540
83301
93291
47362
28203
24023
24012
49085
07640
27705
91350
70726
11112
21029
30542
97304
75063
75063
97304
92805
28277
91206
78664
78664
78664
78634
78634
68154
18067
28173
45036
97041
07002
78666
38652
08075
90272
12302
30024
20716
85208
21061
20716
94086
06807
01085
20716
45434
78261
98686
28078
02645
75034
43230
91335
28075
32183
30005
54656
15213
49546
19938
55125
43201
60657
21221
83646
53233
21222
06492
07083
11720
27520
32431
11050
69586
18102
48505
30117
55116
02703
93063
77406
90660
90745
01474
77498
92346
15213
78410
43228
10003
10003
07092
20814
44890
02135
84403
63366
55306
06511
90026
92663
28078
28078
04565
94565
29201
75225
29201
06355
93060
90630
01089
92083
21904
11209
90263
90263
95677
60118
94517
92707
10509
08839
62050
90744
90606
20176
68664
79045
06807
31869
98264
92410
85629
93905
99403
98002
32102
01890
11368
01701
14610
28037
93722
44081
23805
33032
33186
11215
44020
48009
73080
88021
75075
32259
30022
08648
93458
19320
01890
68107
30067
94110
13850
18976
92843
92840
90001
64367
89012
37310
06807
02171
00646
18041
77022
66207
23294
54817
10976
89144
92154
48381
60002
20183
53215
46037
75211
76655
65202
94533
61761
34219
10308
77346
11221
44615
10016
10016
95824
10016
02115
78704
21742
01915
92557
80206
72404
07940
92056
75074
19045
31803
55435
78750
78750
50156
85296
33012
75086
20852
17601
33158
76801
27703
76028
35670
44144
27814
97702
76372
34724
11980
78660
20110
20110
72903
94303
01431
01431
98103
11221
98683
12302
91331
14850
95973
11030
20832
11701
11357
11576
91762
41134
85718
93063
11369
27664
12345
80504
23462
77092
30144
60616
30044
91387
93110
10004
94704
20603
94519
23231
64789
06110
37042
19801
41175
78596
91011
27529
33478
95835
20147
53172
90210
46484
78626
12345
28602
30281
49428
60076
19335
78212
44116
92305
15133
30518
10022
02090
94066
90981
92845
68503
08835
20716
19803
95630
48304
00010
29605
94542
28173
30078
14772
97305
12184
92122
92122
19810
80226
80226
95376
18901
44870
95127
64836
84081
44236
60564
77077
94305
02171
62863
77584
95120
08087
07624
34208
92603
33319
07640
32708
90049
02030
94601
30022
92646
94804
84790
73903
80116
60563
75601
94043
93313
11725
06587
98059
77479
92704
90250
93307
68116
92612
75771
60565
55102
34612
43612
19804
90744
60540
08540
98199
94930
07067
32757
11234
07047
11421
60527
61874
97111
78573
77083
07008
85653
60639
78076
99425
28411
30542
30542
92104
12345
63105
08670
63105
10302
19551
74081
80123
27616
30028
90019
60706
60637
53005
08857
92345
06074
30656
95118
28216
30200
92673
11206
35630
37188
93021
07090
94305
10467
22407
27522
92105
33130
28092
11757
76063
97206
11435
23008
43228
11411
79905
15090
98040
19085
50266
04106
98684
02474
02215
92679
93033
11720
12345
78748
55378
33433
53548
33196
89166
08859
19530
10516
11566
11746
74081
02129
78251
78251
98901
78251
77845
78613
08691
78098
92585
60438
34208
75253
06880
98166
91945
90022
11367
07644
78414
30064
90278
20171
24060
11720
03051
95691
34231
76207
79928
25265
91606
17057
98501
10924
46032
91786
94062
10033
92129
60113
93250
97003
92805
78610
11001
89031
23148
10110
60502
60048
07305
33145
22015
75115
54913
48837
77433
60012
49008
10065
60925
26505
32738
34104
20171
07067
75043
87120
07757
75801
75025
08857
17057
32232
32233
94117
78251
91405
88243
93350
95066
02134
10306
37415
78504
01739
07016
08341
94610
90715
81101
03820
06073
54868
91304
47903
77889
18067
77057
49341
94518
92705
93215
33326
74011
00124
00124
19136
90212
34109
76014
70706
97301
60634
08107
23508
21222
02891
06807
30318
48044
98824
34420
02835
18045
65810
14209
33974
10604
59405
45152
75074
33139
11220
29650
77429
94945
03903
60050
80260
30096
70791
77070
10314
32828
77002
33458
47715
48334
10280
55025
91343
91343
80238
75248
54912
95123
94533
94533
90221
92564
13031
75050
60185
30327
20850
48100
70003
70003
53215
17672
55024
10009
43215
70808
00210
43302
76131
10457
57297
30188
06614
01952
76541
01983
13416
13417
98007
68048
80310
48212
85234
41144
11385
45236
17171
95120
77095
75201
18064
75701
18966
01550
93311
98012
11222
83854
76244
23228
19601
94112
17371
17361
73020
85705
10960
15902
36742
46123
44087
77459
90807
20724
76367
06604
95382
06902
77469
61065
78666
91701
98550
32726
44842
45140
75150
12225
14807
75227
58102
75248
84094
08302
71913
97015
20655
32907
20871
54913
01432
72007
75032
78253
33127
65656
65807
70118
08837
77469
08837
08844
22473
93535
06824
97031
11223
44408
11239
46385
48322
99202
34759
33458
94117
72764
55304
29615
66109
85020
77377
22554
77584
21029
17015
62258
46235
19104
97301
12180
35824
55124
24638
17025
32506
60073
60714
54901
89131
30701
55024
99301
85353
07727
11530
79938
06807
95747
10463
90210
76637
13203
28444
76528
90806
94303
60123
17603
35211
18069
33029
10128
55033
66102
49911
95903
90210
33441
01845
49021
84404
72113
84403
60505
87144
23803
03051
90033
60446
19015
21122
75159
79938
30008
11706
08084
77407
92833
53233
52556
30292
01510
30075
96793
93280
90014
87124
98087
60632
19382
09305
29202
22003
98258
60102
95521
60173
99301
92008
92345
12345
23468
48202
75227
22892
22892
12345
94306
20817
07202
91910
47586
14561
75061
08540
08512
94709
72118
08401
75500
78413
19446
89406
66221
00000
93286
92656
19050
75087
11372
77433
30701
90025
90025
97330
95062
07008
66221
07008
55527
92411
19335
79912
02021
06820
06612
33326
03079
60540
18510
98012
91913
22134
21001
77530
57106
30331
01610
44236
90732
90732
77459
06416
79924
53703
98109
07055
27504
28803
43567
44236
32092
91732
06807
07660
11580
28405
75043
78610
78738
60148
44130
29678
48127
08827
80221
48127
07206
68106
60402
43078
24202
08857
30519
55391
16001
90255
29108
10466
54843
78758
76354
76502
60010
11365
10001
43078
78610
91343
85128
91347
43424
04038
55318
78070
80302
90814
92591
20878
43204
32837
85020
94566
94566
95901
20105
12302
90029
92706
92130
37203
98012
85338
93654
84097
46140
91106
76244
90019
81505
42127
20121
98001
36005
97015
30005
98225
90210
02116
67586
94301
94301
12345
11141
69696
10002
85348
07461
39667
11001
43064
77381
10027
93405
98029
35630
78751
37067
77375
34286
01217
43130
30076
78586
07044
07436
95382
82930
11720
78727
01609
20147
12222
30024
21047
10022
10022
73120
60089
95076
20105
10022
10022
22193
92649
45030
07666
75041
39307
27606
29926
11795
91605
97408
11235
80758
11421
45050
22181
91342
33076
30327
35210
28805
46765
92071
92071
51034
29812
95815
99019
00001
29108
13039
11201
01757
95018
93722
27545
77429
41048
29229
09498
16565
78256
55330
20107
11379
11050
91342
11772
12101
33901
20500
78247
30075
02482
02481
28277
29624
44011
20151
48070
44142
75565
12345
93015
78701
27519
22043
75035
54502
93536
22650
32257
61101
11111
72751
85255
28173
78023
61443
06807
06488
77494
20706
36535
05714
83204
14477
11201
77449
78521
77346
83646
44708
27597
90038
07731
44721
85036
76071
07974
07008
80221
30012
91355
44313
06801
33629
91733
92345
48616
75149
48661
35135
78254
48616
48616
77581
92548
92026
44313
44313
77833
78758
62221
55013
92585
91745
19607
11704
94588
91745
84074
89503
60123
67934
30327
60403
21702
19064
60067
72634
27107
42001
89183
13413
90068
36830
94545
11961
21409
92804
91283
91340
91402
95531
91306
98004
76102
00953
85030
73099
01890
92064
48616
01832
62811
77365
32931
77380
48042
48042
44626
97402
33153
45223
24739
17612
60618
99021
78251
32725
93101
85226
01432
85033
23345
63042
85296
11720
11561
34205
92604
94086
06807
33178
23607
21046
77005
85138
71301
55068
11789
35661
45211
12590
28012
27519
89052
16412
37642
94513
77571
20005
44460
91402
02532
38115
77503
33012
92503
30307
10025
93307
33446
60002
76201
84003
66666
27592
60066
23228
30741
37073
63129
11377
29302
90605
16365
77056
91801
16148
84790
95129
50441
91773
11370
32566
92833
33316
02141
92804
11580
92886
93060
93704
77479
07065
77469
91016
55132
53214
53214
05340
45255
88101
55112
53191
04856
12222
53215
10016
98682
91709
81401
23607
94112
10028
55678
10451
60659
55785
91402
91402
10591
47150
30907
90063
91744
12345
12345
60707
08051
99163
75010
11720
55054
19087
78573
77088
54143
36870
15212
12345
12345
11426
43226
02151
11426
61761
85712
63133
31833
29334
77523
02445
78254
32765
60651
33542
22042
78595
37075
83221
53140
14210
76103
79927
43230
19426
49014
14210
43430
45121
18901
33062
33062
33062
91910
76104
90037
90034
90034
91710
94043
01772
90053
91791
92883
30001
78650
05938
23417
48144
08061
33018
21114
17522
92376
56009
37922
99098
07960
38063
13620
75135
30016
12522
95076
60638
97003
28215
80029
66210
78644
98075
08975
30024
76118
32765
99204
32765
92024
82001
92024
77084
75035
35570
73119
12345
69696
32222
12345
66666
00000
76006
55024
22152
95765
88720
93033
07840
01230
77015
92203
26164
19096
02494
14512
02494
15317
25123
23228
94123
90201
28590
29926
91911
97116
56666
22015
43210
50550
95014
95014
45431
78154
32246
30240
18018
53081
53081
20117
19348
91402
91607
32905
10312
75454
37660
60525
46222
30281
30281
45632
98634
47933
60047
20784
76821
60047
94587
02865
00966
32547
47933
78666
48210
53024
50131
60625
60201
40701
78521
50408
39466
60201
72908
14210
78040
78247
98012
53094
98366
78634
72125
48197
34488
91506
27523
92026
92105
85374
37311
10016
10016
10016
90068
59200
60047
19104
78717
98407
98407
02879
11223
90403
90403
79915
95363
94587
77072
42220
60957
23832
10411
70512
70101
70101
85224
22310
06807
01810
33324
11357
14047
07465
22309
66216
77377
04107
02494
06057
07924
27560
37932
37931
95663
02494
43230
01970
65738
28277
72703
23455
60042
33414
08816
43617
39507
39507
92656
46222
95202
92557
01880
85602
51105
75025
59006
20122
75914
48042
85248
11369
60820
61820
39047
06807
75050
60007
60018
91601
94303
06254
85249
78653
22660
59405
75035
94118
94118
94117
02141
94118
77494
46131
46131
79928
90221
77386
80130
94590
48044
25526
06897
34609
31313
98686
27540
27040
07960
57078
56425
85308
06073
07922
98203
77381
54701
44014
05851
10465
00000
98823
60016
11372
98823
23060
91208
32828
27703
06484
68507
30307
29456
90066
07405
30342
91304
91706
33763
80247
89144
20740
10310
34952
44012
71241
17050
95949
52806
93230
01752
95838
95358
95358
07305
76884
77033
75022
97015
07011
93108
07444
76502
32508
34787
94118
80260
89110
11934
48216
75041
60527
55318
53711
89144
95219
95219
60637
98019
97526
92886
76065
90302
03038
14807
30507
95687
98502
95123
30084
52001
60652
91913
75287
56756
91016
30024
92010
47670
22222
92026
10034
68064
95433
90650
75150
91343
77017
12189
96786
92604
95811
90270
48380
33461
27107
60640
28390
92407
33406
29078
07481
33309
08401
23411
49504
77449
14000
19104
22321
93033
93033
01303
95776
79379
72713
27529
08889
07661
11000
30022
60067
62148
55117
48130
37931
02760
42268
93117
18977
07304
61856
07740
90120
07013
34744
44333
11420
92020
92345
76001
55054
07704
40511
18235
46297
92020
92020
08322
11235
48629
29607
60490
06118
11012
92131
49091
49071
50320
55318
19135
30680
45040
55301
33033
20191
92117
97361
94568
91402
82718
44134
02186
34772
02472
75087
75087
75087
29730
98028
20110
73071
95661
20874
91345
59405
28016
66209
67133
03842
89032
53092
03770
92129
76116
24018
91362
85201
98584
92706
92868
90723
60133
78250
94306
07055
20148
53012
78526
53215
78217
83703
20111
13321
30009
02645
10795
95120
46703
77494
28027
78852
98052
11109
26505
94305
29637
23462
14215
23462
11373
98258
10314
00000
44145
35244
15801
07643
46311
46311
51246
62513
85234
12603
22152
85283
92562
21157
10562
21202
28806
78170
22152
07430
84123
84123
19968
07005
85719
19541
33701
97058
18109
60088
55379
48304
77413
78413
53538
93257
78414
20155
33755
33755
30159
33755
33755
01742
72956
11023
19805
60035
75068
06906
18980
15213
12623
90078
22205
84655
72764
72764
87940
53562
33545
91402
33174
97031
07008
72210
75896
53545
92236
90280
11757
93308
80917
28226
55106
26508
95823
95037
48623
38305
95012
23666
70512
28650
93722
10312
20814
04106
85353
68007
06010
75058
94538
95472
10022
92020
46033
53029
84401
77375
00000
77497
60067
98391
91730
63366
76901
63124
29630
91360
11214
11501
52240
60446
23323
44067
92648
92553
94530
55449
32601
20705
97005
94708
30252
18940
92673
06902
38652
95120
77372
77372
77372
22193
78249
57350
13126
57350
11968
27302
95677
91325
96793
90024
79029
79912
70433
97132
37312
94804
75228
92203
85339
91405
40205
55448
10003
98109
02026
78666
78665
78665
20148
92021
33636
95765
08822
21225
19392
23456
75149
33470
06807
30297
33145
33331
19111
10001
92832
10312
91326
92704
37919
34120
90640
90247
34135
34120
20056
07093
61034
78230
11722
22030
11554
34984
33174
92020
15236
78249
01545
34610
06905
55720
60013
89052
89052
89052
60045
31449
85204
06890
06890
60639
31503
10306
56797
02452
33572
18901
90744
77338
02420
91342
11230
46761
77550
33149
19406
76702
44321
54601
94523
30092
78253
66210
63017
83221
07304
68144
92336
68144
56534
30092
33458
79934
19473
06067
19086
94301
40047
48083
00000
40121
46060
48135
91016
27520
50009
94560
47905
33565
31510
10583
10566
76710
11230
06807
23453
44691
08450
90210
19904
27516
90260
43085
53214
50441
66112
77506
08527
48359
55414
13031
48359
75042
07087
75224
91356
40330
94541
07442
32117
89523
42370
08527
92407
33407
66044
60541
64127
30312
20147
84321
30312
02891
94109
72113
53121
78852
60134
94305
68144
22043
47906
20706
48130
48127
49201
11235
47406
47406
15215
94010
92882
92708
84095
33178
19422
55343
30068
02026
77358
77357
94066
91710
23847
30017
94605
77469
55378
20715
20716
22152
07446
80919
91354
91423
92227
10001
86313
25403
48380
78164
68135
22835
48820
37643
33056
39474
97140
60004
30312
93274
07642
03801
84069
92663
11435
33759
98258
85338
06518
29730
01905
06518
19606
60482
06518
06518
37934
97089
32907
07078
85204
80134
30044
78504
78504
19530
94550
98271
32771
06461
43017
30024
44106
22551
20602
51471
49686
14210
07060
49270
92344
60162
95688
95828
33178
11111
92879
77001
30044
21776
21740
21740
21740
14450
77081
45324
33193
40065
98502
98502
17602
55328
78572
78521
06518
75495
89701
11777
11763
92620
78299
68144
95618
08029
37352
11780
33545
94582
30312
85202
53083
15232
07928
30312
30312
64075
48135
97229
61443
95614
30052
10458
01610
48154
99163
27201
97410
33186
86404
15108
95125
80203
21043
02379
97206
85741
77083
93908
96782
53204
90241
06226
02127
30076
55317
94121
50009
80524
98042
76549
01864
90057
92617
11030
92008
53715
91405
02149
91801
98003
19022
17543
91205
78118
11372
72904
84651
92694
55106
60120
33162
61257
95120
76226
85296
85295
93635
33027
92648
73132
73132
07601
91504
08054
72764
98074
98074
07014
21403
51214
11950
50009
95008
66503
24151
28376
48039
11950
10005
89002
51103
28212
02127
16565
28461
61820
55117
61764
78064
07930
64496
84651
33844
60637
68111
22801
22304
49001
16142
10016
32168
33331
91750
60402
77449
18005
60080
33534
78552
90813
17544
17543
98248
10653
21212
80241
75048
92128
11040
80204
80023
47403
12025
16802
47406
95076
10583
19104
60636
90001
20774
57078
40023
19087
60623
25526
48009
85122
06807
06518
46517
06518
35210
54913
20147
04922
91744
34142
38335
07716
43524
00795
10550
28602
90703
38193
14580
04158
26726
93314
77539
78552
29017
78504
95757
93618
93012
07888
91040
98028
50314
92675
98092
93550
92614
90262
74008
19422
90262
06483
34952
78620
07087
78542
33626
33434
01844
11725
60462
10469
11050
59718
45069
36830
54311
95425
91950
95820
80920
46032
92503
30143
35811
01940
17584
12345
12345
48127
01852
90004
01463
40019
30710
75662
19701
91915
43551
30018
20151
37130
10137
33010
53217
92101
60453
54054
33176
07109
33182
28211
28211
04074
21557
74074
62025
62025
75023
95682
21871
98208
30067
30101
70809
28655
22193
53215
32816
22193
85635
60440
92708
92708
78414
60652
17033
28270
23188
90040
28079
06994
33149
12345
92660
11111
99966
01752
09874
95747
21220
67890
84045
97267
02465
90012
23678
84020
85704
78154
32807
22193
40299
92020
08610
95046
80538
91201
94123
77449
93535
24112
60085
95476
96162
98012
95127
19425
90038
93446
10004
92618
22193
77889
19107
10110
06807
71000
59132
29928
07644
53562
30147
30152
94920
20902
35673
89148
11753
42501
87123
61764
93041
60637
70433
11510
02920
82007
17331
17331
91204
48220
44511
11207
90210
80920
65473
20602
10992
48126
11372
92653
90504
92128
85713
11377
12090
11355
48040
90242
67885
72908
37932
08629
90290
90066
30064
93552
78640
75034
02128
12589
33967
06461
95903
60560
80233
97015
28078
00719
57106
50021
92201
20712
12110
49546
92128
55733
55316
94301
90023
46545
10030
07011
62206
61820
19021
28390
28328
93727
08902
29609
11763
60185
85204
29464
85382
11704
11704
49321
79924
75023
22043
43017
94903
98512
60148
81501
80234
92262
35957
92067
90505
90094
68822
85392
60056
33133
73012
09112
95814
79925
93706
92501
96196
38358
66215
08502
90621
98052
25403
55330
45623
34613
66103
44055
28601
97463
97463
78613
08534
22041
22303
79416
78245
30350
67205
95341
04421
49053
29040
07070
94549
95020
07020
89436
89436
49348
17331
84075
79925
98258
78209
78209
07945
34771
10605
92571
47130
13027
06525
11231
93458
87505
90003
60090
90006
90201
60565
66207
93649
90024
32724
91977
94127
22043
11237
99000
96814
48122
72770
02026
07739
91205
38201
19525
90001
33563
13068
02879
90023
90023
92677
90805
11596
47906
22647
91361
20817
33165
90201
34715
77095
11432
84133
95122
72762
72404
27680
60448
92882
77090
80104
92509
36830
30342
70006
04073
25443
60068
68105
30342
60098
29681
10573
46901
47484
45205
45205
00725
17404
60160
06890
06890
83607
77076
06118
60804
97543
92411
85122
60647
91801
96701
73388
95670
92706
60085
60085
60085
60085
50590
85043
02122
90240
92831
92346
10704
91732
91732
36775
77465
75230
75052
93536
84057
15234
41015
27382
90744
75002
27055
73066
38002
02895
60638
93638
44622
10900
78249
20009
61790
15213
61102
61104
00180
21029
95136
93033
33351
85205
92843
60015
85296
75039
46143
46143
60634
10009
19508
45692
84059
78256
19702
06706
20003
98607
45014
55129
59173
44805
77015
02920
20874
55345
01844
13114
92119
08648
28681
27006
33033
30039
11793
33324
22193
30067
10065
08109
46231
07008
90017
91311
42127
34744
84120
32738
42127
94803
10594
98433
24441
57108
92092
54935
07675
92345
33076
42127
20500
48114
47439
27278
20832
49203
67344
68116
95206
24132
98708
11111
23454
77433
77536
55369
27607
90280
96818
91766
92507
48657
92618
11105
85019
90011
97123
53404
12528
24441
77389
53215
24441
24441
24441
33567
95124
20874
30501
48048
65613
35825
75020
85226
10940
55118
55345
02215
07206
19468
07828
28205
19104
19146
91606
77474
02904
75559
27896
34207
60148
10306
92591
10580
30040
70794
33009
34953
92506
48439
75603
75253
46528
43062
22310
10087
30076
45732
07670
44844
37322
19711
95204
04108
74011
68135
60005
70433
36579
78418
90250
92545
95820
33010
60174
11223
20164
91307
06488
28525
24060
60469
92804
84601
50613
50613
33596
27292
63011
97003
78666
78250
73108
90706
92122
90041
77375
77469
11223
92502
91739
07047
11511
40222
76043
14200
14201
22712
33625
97219
68071
48823
55109
07450
45806
07036
00694
93703
40213
30802
90210
80003
46647
60608
55435
06516
75703
44224
23607
92807
77033
13315
28411
95747
95747
91913
60062
08080
10462
02108
55401
02108
10701
77074
55449
60638
28409
14627
85041
30068
17368
16803
60060
34655
97206
33705
90001
02871
30277
95661
90503
93117
76021
93247
98801
96782
92585
93304
39565
92570
72211
95747
94010
91768
67004
47834
89084
37415
19053
78753
08051
02840
37086
40846
10028
01810
98264
95677
75211
20117
32801
27012
60630
45458
91604
84005
34667
75033
10598
31750
80528
11368
06905
90064
42501
02886
01002
02886
15330
60031
60514
06706
90210
07704
76437
34275
92201
44130
92201
07039
92315
92009
35124
11729
55904
08805
40214
01020
80108
19145
24258
47633
95811
80132
33157
60025
85911
18107
77498
51103
94587
07424
78254
95020
93033
94568
80231
93105
60101
37040
11795
11364
59684
87106
33331
02122
25425
27106
94960
61820
95407
60630
11575
90648
90638
92865
96816
94551
32454
92879
32312
80015
95365
92201
93434
15219
60085
86759
90001
00250
34747
28018
32404
02333
87701
02446
33625
27501
95020
56366
07009
15055
22601
30305
06510
33256
30224
46033
30297
75098
27705
23454
65470
03874
07070
43004
63011
23457
33948
92346
92617
41000
44012
91768
41000
41000
11944
70471
41000
33991
11368
41000
01902
60067
10530
11235
11955
03053
77048
44140
98053
07005
22191
99234
08505
08560
48144
60629
15206
78221
80237
15642
48152
94704
33160
92114
14526
24018
06012
77081
19604
92123
20851
18704
43221
32937
91706
74426
07041
19111
74426
74426
43402
74426
74426
45385
92596
08052
22193
60439
27407
28208
60638
33611
29201
90715
61759
92130
38863
19390
60514
35803
53073
89101
19454
11756
31513
79707
21220
07794
45695
07704
44035
08855
89102
08540
41129
97540
92509
53151
49341
55112
90020
17057
78704
77304
78704
78704
78704
45044
95961
07666
91606
97225
52302
32222
85296
44602
44601
29600
92805
47460
91739
91739
78237
11772
12304
92020
98012
98857
60016
23112
78130
66441
92113
46235
73170
18704
77479
63131
95035
92530
91106
79905
32909
11365
31799
60137
44017
45040
01730
14424
83686
76118
90007
11511
60022
11210
08724
08332
95963
20001
53150
76180
77530
78260
31905
11762
53565
18954
32821
07885
19044
78130
44601
10028
31763
33936
04222
08611
70433
28213
93940
84020
97007
95630
71107
45241
24090
85140
32738
32771
32738
49419
59911
05403
84074
30273
30327
92707
21029
90201
08852
98028
48168
60085
92833
85204
15012
75074
95358
65804
95206
11362
37923
07032
17042
78076
53211
60085
93060
93654
08051
90210
90027
93108
94536
81504
65556
60443
92064
98103
11575
77506
10000
60007
77840
77494
54123
96740
07020
73159
92130
14011
53118
66221
21553
60465
50050
12215
54115
10000
44214
23456
60177
89040
28173
33012
32903
77494
95742
10003
80002
67502
90004
80002
95120
19941
19947
19947
69691
91710
48083
96793
45140
96766
78536
45331
49091
49091
77304
20009
77304
60010
60060
32839
98258
20190
78130
48064
60045
11214
08057
44444
14605
23059
17349
95368
08830
38111
27284
03038
06850
11971
07004
48304
78705
60010
70592
43026
84041
75010
10202
95301
07670
10019
54914
19119
92801
38017
07047
80108
28110
92701
18062
06461
94517
78130
32607
43082
33186
14086
30328
70726
01906
01905
49913
29325
64774
56601
90650
01905
70791
89506
01905
98801
66502
66502
60062
32714
78254
02139
77840
32250
32250
76247
18018
78746
60174
45458
92354
78704
95376
75035
21415
94551
21122
72762
93933
59715
92407
92407
92606
93550
85022
60443
89052
42003
79925
91345
91345
28443
94693
27502
76108
06480
31311
95035
27837
29707
46012
91199
91111
18901
02067
11901
22204
95765
55943
98092
34156
33150
60504
48044
29642
48307
98092
59320
48307
19468
46032
43431
33175
91006
44685
44685
10591
48130
48103
76541
78701
49855
03833
66210
77071
77081
92021
13637
98028
35675
08817
85296
80503
58220
10598
91436
23230
30097
21122
11510
98375
33458
30014
11366
07481
29323
60544
48042
60051
17025
79764
20175
33196
20832
66504
90703
39157
22655
22066
85388
60091
82516
16803
72764
89129
27373
49022
49022
49022
49022
49087
31606
10002
23320
00000
22204
85016
85339
63105
63105
63105
85234
95054
91791
90670
11120
21207
93455
93455
92845
68505
93458
91335
16503
71111
